ST	abcZ	bglA	cat	dapE	dat	ldh	lhkA
1	3	1	1	1	3	1	3
2	1	1	11	11	2	1	5
3	4	4	4	3	2	1	5
4	1	2	12	3	2	5	3
5	2	1	11	3	3	1	7
6	3	9	9	3	3	1	5
7	5	8	5	7	6	2	1
8	5	6	2	9	5	3	1
9	6	5	6	4	1	4	1
10	3	1	20	1	3	1	3
11	7	6	10	6	1	2	1
12	5	8	5	7	6	22	1
13	7	6	17	6	10	8	1
14	8	6	13	6	5	2	1
15	8	13	13	6	5	2	1
16	5	6	2	7	5	2	1
17	14	6	2	7	5	2	1
18	7	6	15	18	12	6	1
19	7	6	19	6	1	24	1
20	17	13	3	6	5	7	1
21	7	7	3	10	5	6	1
22	7	7	3	10	5	13	1
23	5	8	5	7	6	25	1
24	5	8	5	22	6	2	1
25	7	6	8	8	6	278	1
26	5	10	8	21	6	2	1
27	5	10	8	21	6	16	1
28	104	6	8	8	6	37	1
29	15	10	18	18	1	3	1
30	5	6	2	9	81	3	1
31	7	14	10	19	9	8	1
32	1	18	27	2	4	1	5
33	7	88	106	102	1	249	1
34	6	5	6	4	1	15	1
35	6	5	6	20	1	4	1
36	16	5	8	7	13	4	1
37	5	7	3	5	1	8	6
38	7	15	15	8	11	14	9
39	4	4	4	3	2	10	5
40	5	8	5	165	6	2	1
41	4	4	4	3	2	12	5
42	4	4	4	3	2	17	5
43	143	21	40	167	55	307	16
44	4	4	4	3	2	11	5
45	13	4	4	3	2	1	5
46	4	4	4	3	2	1	10
47	4	4	12	15	2	1	5
48	1	1	11	11	2	28	5
49	1	2	12	3	2	320	3
50	1	1	11	11	2	1	8
51	1	1	11	3	2	1	5
52	2	1	11	169	3	1	7
53	1	16	12	23	2	1	11
54	1	1	12	17	2	1	3
55	1	2	12	3	2	18	3
56	7	6	15	18	12	6	117
57	1	2	12	3	3	5	5
58	1	3	7	176	4	1	2
59	11	1	12	16	3	1	7
60	11	1	12	16	5	1	7
61	3	1	1	1	3	321	3
62	3	1	1	1	14	1	3
63	3	1	1	1	3	9	3
64	3	1	1	1	3	23	3
65	3	1	1	1	3	29	3
66	4	4	4	3	2	28	5
67	1	1	11	11	2	9	5
68	4	4	4	3	2	9	5
69	19	17	22	25	15	33	12
70	20	11	23	27	16	34	13
71	18	11	21	24	17	35	13
72	19	17	22	25	15	36	12
73	3	1	1	1	3	11	3
74	18	11	23	27	16	34	13
75	4	12	4	15	3	1	2
76	5	6	8	8	6	37	1
77	11	9	11	15	3	1	2
78	147	5	6	4	1	4	1
79	3	1	1	1	3	12	3
80	3	9	9	3	3	30	5
81	3	9	9	3	3	21	5
82	3	6	9	3	5	1	5
83	3	9	9	3	3	1	119
84	148	10	16	7	5	2	1
85	5	8	5	7	6	38	1
86	7	6	24	6	1	2	1
87	12	1	4	14	3	39	4
88	12	12	12	1	3	1	4
89	7	6	25	28	5	2	1
90	21	6	26	8	6	2	14
91	7	6	15	6	5	2	1
92	5	8	5	7	6	40	1
93	5	10	8	21	6	41	1
94	149	0	152	0	114	322	118
95	3	18	27	3	4	9	5
96	3	18	27	3	4	43	5
97	7	6	15	18	12	44	1
98	5	8	5	7	6	45	1
99	5	8	5	182	6	2	1
100	1	1	11	11	2	46	5
101	7	15	15	8	6	14	9
102	3	18	27	3	4	11	5
103	7	15	15	8	6	47	9
104	3	1	1	1	18	48	3
105	5	8	5	7	6	49	1
106	5	8	5	7	6	50	1
107	5	8	5	7	6	41	1
108	7	6	8	8	6	51	1
109	7	15	15	8	6	52	9
110	6	5	28	4	1	4	1
111	5	8	5	7	6	53	1
112	7	15	15	8	6	54	9
113	7	15	15	8	6	55	9
114	7	15	15	8	6	56	9
115	6	5	6	4	1	57	1
116	5	8	5	7	6	58	1
117	4	4	4	3	2	59	5
118	1	2	12	3	2	60	3
119	3	1	1	1	18	61	3
120	5	6	2	29	5	3	1
121	7	6	8	8	6	37	1
122	6	5	6	4	1	62	1
123	6	5	6	4	1	63	1
124	23	5	10	30	6	6	1
125	1	2	12	3	2	64	3
126	5	8	5	7	6	65	15
127	133	120	137	164	95	323	101
128	1	2	12	3	2	67	3
129	90	24	155	189	117	244	66
130	19	17	22	25	15	68	12
131	18	11	21	24	17	31	13
132	25	20	30	32	20	20	16
133	26	21	30	33	21	69	17
134	3	1	1	34	3	11	3
135	27	22	31	24	22	70	13
136	19	17	22	25	15	71	12
137	1	9	11	11	3	1	5
138	6	5	6	4	1	72	1
139	152	21	33	190	45	19	16
140	28	23	33	35	23	74	16
141	7	10	16	7	5	75	1
142	7	6	19	6	1	76	1
143	7	15	15	8	6	77	9
144	22	11	21	24	17	31	13
145	1	1	11	11	2	12	5
146	1	2	12	3	2	78	3
147	1	24	12	23	2	1	11
148	19	17	34	25	15	79	12
149	7	15	15	8	6	80	9
150	3	1	1	1	18	81	3
151	3	1	1	1	18	9	3
152	25	20	30	32	20	82	16
153	5	8	5	36	6	22	1
154	17	1	3	6	5	7	1
155	7	10	16	7	5	2	1
156	12	12	12	1	3	10	4
157	29	25	35	37	24	83	1
158	5	8	5	7	6	84	1
159	7	6	32	18	12	6	1
160	7	6	15	6	5	85	1
161	24	19	29	31	6	66	1
162	154	136	157	191	118	327	120
163	162	137	86	196	56	219	124
164	163	138	165	197	64	335	125
165	1	2	166	3	2	5	3
166	1	1	12	17	2	11	3
167	7	14	10	19	9	91	1
168	164	82	155	199	128	244	126
169	7	52	8	6	1	41	1
170	1	2	12	3	2	5	127
171	1	1	11	201	2	1	5
172	1	1	11	11	2	336	5
173	7	49	19	6	1	24	129
174	166	4	4	3	2	1	5
175	3	9	9	3	130	1	5
176	7	6	8	8	131	37	1
177	5	10	17	20	1	26	1
178	3	9	9	3	3	1	131
179	3	9	9	3	3	1	132
180	168	10	17	20	1	26	1
181	3	1	1	1	3	1	133
182	11	1	4	3	3	1	4
183	1	51	11	202	2	5	5
184	167	10	8	4	5	4	1
185	7	139	10	19	9	8	1
186	7	14	10	19	9	337	1
187	7	14	10	19	9	153	1
188	169	140	169	203	132	338	134
189	15	10	66	18	1	3	135
190	3	9	9	3	3	1	136
191	11	1	36	2	3	1	7
193	7	14	37	6	1	27	1
194	3	18	27	3	4	1	5
195	11	12	4	15	3	1	2
196	7	14	10	6	1	27	1
197	5	7	3	40	1	8	6
198	17	26	3	6	5	7	1
199	9	10	15	6	8	26	1
200	5	10	8	20	1	7	1
201	19	17	22	25	15	79	12
202	19	17	22	25	15	73	12
203	32	11	38	27	25	34	20
204	5	7	6	4	5	4	1
205	1	2	12	3	2	86	3
206	8	6	15	6	5	2	1
207	7	27	10	41	5	2	1
208	1	1	11	11	2	4	5
209	6	28	6	4	1	4	1
210	6	5	39	4	1	32	1
211	7	6	3	6	5	2	1
212	3	1	14	12	2	1	3
213	1	1	9	13	2	5	5
214	10	1	4	14	3	39	4
215	3	9	9	3	3	11	5
216	3	1	11	1	3	1	3
217	1	9	1	3	7	5	3
218	3	1	1	16	7	1	4
219	1	2	9	1	2	5	3
220	1	3	7	2	4	1	2
221	11	3	4	15	3	1	2
222	21	6	15	8	6	2	14
223	33	5	6	4	1	4	1
224	11	3	12	38	3	94	2
225	4	4	4	3	2	95	5
226	7	10	17	6	1	96	1
227	5	8	5	7	26	2	1
228	4	4	4	3	2	97	5
229	5	29	8	21	1	87	1
230	5	10	15	6	8	26	1
231	5	8	5	7	6	88	1
232	5	6	2	29	5	89	1
233	34	12	11	43	3	1	2
234	5	7	3	5	1	91	6
235	4	4	4	3	2	1	22
236	7	6	8	8	19	37	1
237	7	10	16	7	5	92	1
238	7	7	3	10	5	93	1
239	7	10	16	7	5	16	1
240	2	1	1	17	2	1	3
241	11	1	12	16	3	1	21
242	1	2	12	3	2	98	3
243	3	1	1	42	3	1	3
244	1	1	11	11	2	99	5
245	1	1	11	11	2	29	5
246	1	1	11	11	2	100	5
247	35	1	11	11	2	11	5
248	3	1	1	1	3	90	3
249	3	18	27	3	4	1	23
250	3	18	27	3	4	48	23
251	1	2	12	3	2	5	5
252	3	1	1	1	3	101	3
253	3	18	27	3	4	30	23
254	3	9	9	3	3	102	5
255	3	1	1	44	3	103	3
256	3	1	1	1	3	104	3
257	1	1	11	11	2	30	5
258	3	1	1	1	3	105	3
259	1	1	11	11	2	59	5
260	5	15	10	8	11	14	9
261	37	30	41	46	27	107	24
262	38	31	42	47	28	108	25
263	39	32	35	48	29	109	26
264	40	30	42	49	30	110	27
265	41	33	43	50	31	111	28
266	42	34	44	51	16	112	29
267	40	30	42	52	32	113	25
268	43	35	45	53	33	114	30
269	41	36	46	54	34	115	28
270	5	6	19	6	1	24	1
271	7	10	17	20	1	26	1
272	1	1	11	11	2	116	5
273	4	4	49	3	2	1	5
274	11	12	4	15	3	9	2
275	7	6	8	8	6	117	1
276	1	1	11	11	2	118	5
277	1	38	11	11	2	1	5
278	3	1	1	1	3	30	3
279	1	9	12	56	2	1	3
280	4	4	4	57	2	9	5
281	4	4	4	57	2	1	5
282	11	1	12	16	3	9	7
283	9	10	15	6	8	119	1
284	1	9	12	17	2	28	5
285	11	1	12	16	3	120	32
286	11	1	12	16	3	1	32
287	4	4	4	3	2	90	5
288	34	39	11	15	3	1	2
289	5	6	2	9	5	121	1
290	1	1	11	11	2	11	5
291	1	1	11	11	2	10	5
292	57	6	2	29	5	3	1
295	4	39	11	60	3	1	2
296	12	12	12	61	3	1	4
297	5	42	5	7	6	2	1
298	45	1	1	1	3	1	3
299	22	33	21	24	17	31	13
300	7	5	8	4	6	37	1
301	6	10	6	7	1	4	1
302	6	10	16	7	5	2	1
303	6	8	5	7	6	41	1
304	7	5	6	4	1	62	1
305	6	1	4	14	3	39	4
306	5	5	6	4	1	62	1
307	7	29	8	4	1	2	1
308	3	1	1	1	18	1	3
309	22	33	21	24	17	31	3
310	12	1	4	14	3	124	4
311	7	10	16	8	5	2	1
312	12	5	6	4	1	62	1
313	17	13	3	6	5	125	1
314	7	6	19	6	1	126	1
315	3	18	27	3	4	127	5
316	7	6	19	6	1	127	1
317	1	2	12	3	2	5	33
318	46	1	11	3	3	1	7
319	4	4	4	3	2	128	5
320	7	10	16	7	35	2	1
321	5	6	8	62	6	7	34
322	7	6	8	8	6	37	35
323	34	12	11	15	3	1	2
324	34	12	11	16	3	1	2
325	7	14	10	19	1	8	1
326	3	1	1	1	3	129	3
327	3	1	1	1	3	130	3
328	3	1	1	1	3	131	3
329	1	2	51	3	2	5	3
330	34	39	11	60	3	1	2
331	49	11	52	24	17	145	37
332	5	43	5	7	6	2	1
333	1	2	12	3	2	144	3
334	7	10	16	7	5	25	1
335	51	33	53	24	22	147	13
336	7	7	3	10	5	140	1
337	7	15	15	8	6	138	9
338	7	15	15	8	6	137	9
339	7	7	6	4	5	4	1
340	7	15	15	8	6	136	9
341	5	8	5	7	6	132	1
342	51	33	53	24	22	146	13
343	6	5	6	4	1	135	1
344	2	9	12	14	3	143	36
345	3	31	14	3	3	60	5
346	4	4	4	3	2	127	5
347	3	1	1	1	3	142	3
348	1	1	11	11	2	141	5
349	7	15	15	8	6	139	9
350	3	1	1	1	3	10	3
351	50	30	54	64	24	148	26
352	3	1	1	1	18	90	3
353	6	5	6	4	1	134	1
354	3	1	1	1	3	28	3
355	11	1	12	58	3	1	7
356	6	5	6	4	1	133	1
357	48	45	29	65	37	150	38
358	47	44	55	63	36	149	39
359	3	1	1	16	7	28	4
360	7	6	17	6	5	2	1
361	5	5	18	21	39	2	6
362	7	6	3	66	5	7	1
363	34	1	57	14	2	1	2
364	7	10	8	7	1	26	1
365	7	6	3	6	5	7	1
366	53	13	3	67	1	3	41
367	3	1	1	1	3	152	3
368	7	48	59	68	38	2	1
369	53	47	8	67	13	3	41
370	53	13	3	67	13	3	41
371	7	6	56	6	1	2	1
372	7	10	58	7	5	2	1
373	52	1	4	14	2	1	3
374	53	46	8	67	13	3	41
375	7	6	13	8	1	96	6
376	5	5	3	6	1	2	1
377	5	7	6	4	5	4	40
378	7	49	19	6	1	24	1
379	2	1	4	3	3	1	5
380	5	5	2	21	6	151	1
381	7	50	16	7	5	2	1
382	1	51	11	13	2	5	5
383	5	7	3	5	1	153	6
384	7	6	15	6	5	53	1
385	3	1	60	1	3	1	3
386	11	3	12	38	3	94	42
387	5	6	2	29	5	154	1
388	3	1	12	70	2	1	5
389	52	1	12	71	2	1	5
390	5	5	3	18	12	3	1
391	7	6	62	28	5	2	1
392	2	4	12	3	3	94	2
393	30	6	3	6	5	7	1
394	5	5	17	21	39	2	6
395	7	14	63	6	1	26	1
397	1	2	12	1	2	5	3
398	7	13	19	6	1	7	1
399	8	6	15	6	6	2	1
400	7	6	10	6	6	2	1
401	8	6	15	6	6	25	1
402	17	13	3	6	5	158	1
403	7	7	10	4	5	24	1
404	3	1	1	1	3	1	4
405	5	7	5	5	1	8	6
406	56	53	61	72	41	155	43
407	59	32	21	75	17	159	44
408	60	2	12	3	2	5	3
409	2	55	11	3	3	1	7
410	1	1	11	11	2	160	5
411	1	1	11	11	2	161	5
412	7	52	8	6	1	2	1
413	3	56	1	1	3	1	3
414	3	1	1	1	42	1	3
415	5	5	65	21	39	2	6
416	3	1	1	1	3	162	3
417	3	9	9	76	3	1	5
418	1	1	11	11	1	1	5
419	3	9	9	3	3	1	1
420	7	6	8	8	6	37	3
421	6	5	6	4	1	4	5
422	3	9	9	3	3	1	3
423	4	4	4	3	2	1	3
424	17	13	3	6	5	7	45
425	7	6	15	8	6	2	14
426	11	1	48	3	2	1	31
427	15	10	66	18	1	3	1
428	30	10	17	20	1	26	1
429	11	1	11	38	2	39	5
430	15	10	18	18	1	165	1
431	7	15	15	78	6	14	9
432	7	15	15	8	6	166	9
433	51	58	52	24	22	123	46
434	59	11	21	24	17	164	47
435	5	6	2	7	5	6	48
436	23	10	17	30	6	2	1
437	63	59	67	79	44	167	49
438	63	63	70	82	46	171	54
439	7	6	15	18	12	172	1
440	22	33	21	83	25	123	55
441	6	64	6	4	1	4	1
442	3	7	3	10	5	6	1
443	3	9	9	7	3	1	5
444	44	40	50	59	24	122	26
445	7	10	17	20	6	26	1
446	44	60	68	80	41	168	51
447	64	61	69	81	16	169	52
448	65	62	40	33	45	170	53
449	3	1	1	1	18	28	3
450	58	41	53	73	16	156	50
451	7	5	10	21	1	4	1
452	61	5	17	30	6	6	1
453	62	57	2	77	43	163	1
454	1	1	11	11	2	90	5
455	3	1	12	3	2	94	5
456	3	1	1	1	3	127	3
457	3	1	1	1	3	120	3
458	1	1	11	11	2	120	5
459	69	10	16	7	5	2	1
460	1	1	12	17	2	12	3
461	5	8	5	7	6	85	1
462	1	1	71	11	2	173	5
463	66	33	72	84	32	159	56
464	3	1	1	1	3	1	57
465	3	18	27	3	4	174	5
466	5	10	15	85	5	7	1
467	67	65	29	63	36	178	39
468	3	1	1	1	3	175	3
469	19	17	22	25	15	176	12
470	68	1	1	1	3	1	3
471	17	13	3	6	5	177	1
473	32	11	38	27	47	34	20
474	36	21	33	86	20	180	58
475	7	66	8	87	6	181	1
476	4	4	4	3	2	182	5
477	6	5	6	4	1	183	1
478	6	5	6	4	1	184	1
479	5	8	5	7	6	185	1
480	7	15	15	6	1	2	1
481	7	6	15	18	12	186	1
482	3	31	14	3	3	5	5
483	30	8	5	7	6	2	1
484	3	1	1	1	3	187	3
485	70	67	73	88	23	188	60
486	15	10	66	18	1	189	1
487	17	13	3	6	5	190	1
488	71	68	74	48	27	191	50
489	11	9	12	3	3	1	4
490	3	18	27	3	4	28	5
491	1	9	12	17	2	1	5
492	36	21	40	45	48	179	61
493	72	21	75	35	49	192	16
494	1	1	11	11	2	193	5
495	3	1	1	1	3	194	3
496	4	4	4	3	2	131	5
497	73	5	6	4	1	4	1
498	7	6	15	18	12	195	1
499	4	4	4	3	50	1	5
500	4	4	4	3	2	30	5
501	5	10	8	21	6	196	1
502	3	1	1	1	3	141	3
503	1	1	11	11	2	197	5
504	7	66	8	87	6	37	1
505	18	11	21	89	17	35	13
506	1	3	48	90	3	1	4
507	7	6	15	6	5	41	1
508	7	13	19	6	1	198	1
509	74	69	76	91	51	199	24
510	6	5	6	4	1	200	1
511	5	8	5	7	6	2	62
512	75	70	77	92	27	201	63
513	7	13	19	6	1	202	1
514	7	5	3	18	1	7	1
515	3	1	1	39	3	1	3
516	7	15	15	8	6	203	9
517	11	3	4	26	3	1	4
518	7	6	17	18	6	6	1
519	5	8	5	7	6	16	1
520	3	18	27	3	4	106	23
521	8	6	15	6	6	16	1
522	17	13	3	6	5	204	1
523	58	32	78	73	16	205	64
524	76	71	79	93	52	206	50
525	77	4	4	3	2	1	5
527	78	23	80	94	45	69	65
529	25	73	82	96	45	211	67
530	28	62	40	97	45	214	53
531	1	2	12	98	2	5	3
532	79	21	83	33	45	213	17
533	80	74	85	99	53	208	69
534	9	6	15	6	8	26	1
536	26	21	30	33	55	69	17
537	28	21	84	97	20	218	68
538	80	74	85	99	53	209	69
539	80	74	85	99	53	212	69
540	79	21	83	33	45	215	17
541	80	74	85	99	53	216	69
542	80	74	85	99	53	207	69
544	1	2	12	3	2	220	3
545	7	6	15	6	5	84	1
546	82	4	87	3	2	1	5
547	3	18	27	3	4	221	5
548	5	8	5	7	6	222	1
549	7	13	19	6	1	223	1
550	11	3	12	38	3	224	2
551	5	6	88	29	5	3	1
552	2	1	89	3	3	1	7
553	1	1	11	11	2	225	5
554	2	1	9	1	3	5	5
555	3	9	9	3	2	1	5
556	7	27	2	6	1	24	1
557	27	54	64	74	22	157	55
558	11	1	12	38	2	1	5
560	4	9	4	3	3	1	5
561	5	8	5	7	6	2	71
562	83	19	91	100	58	178	72
563	84	75	92	101	59	227	73
564	67	76	91	102	60	228	38
565	84	75	93	103	61	229	74
566	83	77	91	102	62	150	39
567	84	78	92	104	61	230	75
568	85	75	94	102	61	231	76
569	86	75	93	101	61	232	77
570	5	5	8	18	1	7	1
571	7	6	15	18	12	6	59
572	52	1	4	14	4	1	3
573	7	6	8	105	6	7	1
574	8	6	15	6	6	2	78
575	6	5	6	55	1	4	1
576	31	4	4	3	2	1	5
577	31	4	4	3	2	1	18
578	2	1	11	3	3	1	19
579	5	6	47	7	5	2	1
580	6	37	6	4	1	4	1
581	11	3	12	3	3	1	2
582	54	5	6	4	1	4	1
583	55	5	6	4	1	4	1
584	7	6	8	69	6	37	1
585	30	6	10	20	40	26	1
586	15	10	18	18	1	233	1
587	15	10	18	18	1	89	1
588	5	6	2	9	5	165	1
589	87	1	11	11	2	1	5
590	6	5	6	4	1	234	1
591	7	6	15	6	63	2	1
592	7	15	15	8	11	237	9
593	7	6	8	8	6	235	1
594	12	12	12	61	3	236	4
595	3	1	1	106	3	1	3
596	1	2	12	3	2	5	79
599	70	80	30	33	45	240	68
600	36	21	40	108	65	241	81
602	26	21	40	110	45	242	16
603	36	21	40	108	65	243	81
605	36	21	30	35	45	69	17
609	5	6	2	29	5	3	5
610	7	6	62	1	5	2	1
611	1	2	12	3	2	5	1
612	12	1	4	14	3	39	3
613	3	1	1	1	3	1	82
614	91	1	1	1	3	1	5
615	3	9	9	3	3	12	5
616	3	9	9	3	72	1	5
617	2	9	12	14	3	247	36
618	98	4	4	3	2	1	5
619	12	86	11	3	73	1	2
620	7	87	8	6	1	2	1
621	99	6	10	6	1	2	1
622	100	5	6	4	1	4	1
623	18	11	21	24	17	248	13
624	5	8	105	7	6	2	1
625	6	5	6	119	1	4	1
626	7	88	106	120	1	249	1
627	4	4	4	3	2	250	5
628	4	4	4	121	2	1	5
629	101	1	11	3	3	1	7
630	1	1	11	11	2	1	3
631	1	2	9	3	2	1	3
632	1	89	1	3	7	5	3
633	1	9	1	3	3	5	3
634	1	2	9	123	2	5	3
635	23	29	3	30	6	6	1
636	27	54	104	74	22	157	55
637	28	23	33	35	23	192	16
638	3	1	1	117	3	1	3
639	3	1	12	3	69	1	5
640	41	33	100	54	70	246	28
641	41	33	43	122	70	111	28
642	5	6	2	7	5	3	1
643	5	7	3	5	1	26	6
644	5	13	63	21	5	2	6
645	5	10	8	116	1	3	1
646	5	13	3	6	5	7	1
647	5	13	3	6	5	96	1
648	5	29	102	62	6	7	34
649	5	6	10	21	1	252	85
650	5	10	3	116	1	3	1
651	52	1	9	1	3	1	4
652	57	6	2	29	5	7	1
653	57	6	10	29	5	3	1
654	59	11	21	24	71	164	47
655	6	10	15	7	12	7	1
656	7	14	8	6	2	27	1
657	7	6	3	66	5	7	7
658	7	6	17	115	5	26	1
659	7	10	17	5	5	2	1
660	7	10	17	115	1	26	1
661	7	85	10	118	13	3	1
662	7	14	8	6	1	27	1
663	88	79	12	3	18	1	5
664	92	83	98	113	68	245	83
665	93	84	101	6	1	251	1
666	94	2	11	3	18	1	5
667	95	6	3	7	5	2	84
668	96	45	29	114	61	150	39
669	97	11	103	24	17	123	13
670	62	57	99	77	43	163	83
671	5	10	8	6	1	253	1
672	5	7	6	4	5	254	1
673	5	6	2	9	5	255	1
674	34	4	4	3	2	1	5
675	11	12	4	15	3	12	2
676	34	39	11	60	3	9	2
677	7	10	16	7	5	50	1
678	7	10	16	7	5	38	1
679	1	1	1	11	2	1	5
680	5	6	8	62	39	7	34
681	7	15	15	8	6	256	9
682	1	2	12	3	2	257	3
683	5	5	17	124	39	2	6
684	7	10	16	7	5	85	1
685	2	1	11	3	3	1	3
686	102	9	11	15	3	1	2
687	11	9	11	15	3	1	7
688	3	9	1	3	7	1	5
689	8	6	8	6	1	37	1
690	11	5	48	3	2	1	31
691	5	8	5	125	6	2	1
692	3	1	1	1	74	1	3
693	2	90	1	17	2	1	3
694	5	7	6	4	5	258	1
695	7	27	107	41	5	2	1
696	1	3	7	2	4	7	2
697	7	7	108	10	5	6	1
698	3	92	1	1	3	1	3
699	8	91	15	6	6	2	1
700	3	9	1	3	3	1	3
701	3	9	9	1	3	1	5
702	3	9	9	3	3	1	22
703	3	1	3	1	3	1	3
704	3	93	9	3	3	1	86
705	7	10	16	7	5	259	1
706	5	29	8	21	1	7	1
707	74	30	35	126	75	148	26
708	7	6	8	8	76	37	1
709	21	6	15	8	6	2	1
710	3	1	1	1	3	1	87
711	7	15	15	8	6	2	9
712	7	10	16	7	5	3	1
713	6	5	109	4	1	4	1
714	7	6	8	127	6	37	1
715	7	13	19	6	1	260	1
716	7	6	8	8	6	261	1
717	7	6	8	107	6	37	1
718	6	5	6	4	1	4	80
719	89	6	2	9	5	3	1
720	5	8	5	128	6	2	1
721	1	2	110	3	2	5	3
722	5	29	8	129	1	7	1
723	103	1	1	1	3	1	3
724	1	1	11	11	2	48	5
725	7	7	3	10	5	186	1
726	7	6	15	6	5	25	1
727	3	1	1	1	3	17	3
728	5	7	3	5	1	262	6
729	28	21	84	97	45	218	68
730	12	94	4	14	3	39	4
731	65	95	33	130	45	263	88
732	5	8	5	7	77	2	1
733	7	5	10	21	1	63	1
734	3	1	1	1	78	1	3
735	8	6	8	131	6	37	1
736	11	96	4	16	2	1	5
737	34	1	57	3	2	1	2
738	7	7	10	4	5	267	1
739	5	5	10	6	5	266	48
740	5	10	17	20	1	265	1
741	7	6	8	8	6	264	1
742	5	6	2	9	5	233	1
743	5	6	2	9	5	268	1
744	5	5	65	21	39	84	6
745	2	1	11	3	3	30	7
746	3	1	1	1	3	59	3
747	5	7	3	5	1	270	6
748	7	14	10	19	1	269	1
749	104	8	8	8	6	37	1
750	5	10	8	21	6	271	1
751	6	5	6	4	1	274	1
752	5	8	5	7	6	92	1
753	6	5	6	4	1	254	1
754	5	10	8	21	6	272	1
755	7	6	8	8	6	273	1
756	7	6	15	18	12	275	1
757	105	6	15	18	12	6	1
758	5	6	2	9	5	276	1
759	17	13	3	132	5	7	1
760	9	10	15	6	8	37	1
761	3	1	1	1	3	1	89
762	3	1	1	1	3	43	3
763	6	37	6	133	1	4	1
764	6	5	111	4	1	4	1
765	4	4	4	3	6	1	9
766	2	6	2	9	5	3	1
767	12	5	6	4	1	4	1
768	7	97	16	116	6	96	1
769	19	17	22	25	15	166	12
770	7	10	8	8	6	37	1
771	5	13	3	5	1	8	6
772	5	7	3	6	5	96	1
773	11	9	12	14	3	94	5
774	5	3	3	5	1	8	6
775	7	15	15	78	6	166	9
776	7	98	8	8	6	37	1
777	7	99	10	4	5	24	1
778	4	4	4	3	79	1	5
779	5	6	2	6	1	2	1
780	1	2	12	3	2	5	7
781	1	1	1	3	2	1	5
782	1	2	1	3	2	1	5
783	1	2	12	3	3	5	3
784	2	1	11	38	3	1	3
785	5	5	8	7	5	7	1
786	5	5	17	7	12	26	1
787	5	7	8	7	1	26	6
788	5	8	5	21	6	2	1
789	5	15	6	21	40	4	1
790	7	6	8	4	5	26	1
791	7	6	10	21	1	2	1
792	7	6	10	21	1	4	1
793	7	6	17	6	12	2	6
794	7	10	17	20	1	7	1
795	7	10	18	6	5	7	1
796	7	14	17	6	1	27	1
797	7	49	8	131	6	2	1
798	7	49	17	21	1	96	6
799	11	9	48	71	3	1	4
800	41	30	43	54	70	111	28
801	52	1	4	1	3	1	4
802	7	13	19	134	1	7	1
803	7	10	112	7	5	2	1
804	4	4	4	3	5	1	5
805	4	4	4	3	1	1	1
806	7	10	16	7	5	1	1
807	106	1	1	1	3	1	3
808	11	1	4	3	3	1	5
809	1	1	113	11	2	1	5
810	107	4	4	3	2	1	5
811	108	1	11	11	2	1	5
812	3	9	9	3	3	277	5
813	3	9	9	3	3	1	90
814	1	1	11	11	80	1	5
815	1	2	9	1	2	284	3
816	1	2	12	3	83	5	3
817	1	2	116	1	2	5	3
818	2	1	9	140	3	5	5
819	2	1	11	3	3	294	7
820	2	1	120	3	3	1	7
821	3	1	1	1	3	282	3
822	3	1	1	1	3	281	3
823	3	9	9	3	85	1	5
824	3	102	12	70	2	1	5
825	3	114	1	1	3	1	3
826	5	6	8	151	6	7	34
827	5	6	114	9	5	3	1
828	5	10	8	143	1	26	1
829	5	47	2	161	1	6	1
830	5	111	5	7	6	2	1
831	6	5	2	4	13	302	6
832	6	5	6	4	1	279	1
833	7	6	8	8	84	37	1
834	7	6	10	137	6	6	1
835	7	6	10	153	1	2	1
836	7	10	16	7	82	2	1
837	7	14	10	135	1	8	1
838	7	47	10	139	1	26	1
839	7	100	10	72	1	14	6
840	7	103	8	8	1	3	92
841	7	104	10	21	1	2	1
842	7	106	8	147	1	288	6
843	7	106	122	149	1	290	6
844	8	6	8	6	1	37	91
845	11	3	12	141	3	94	2
846	12	1	4	14	94	39	4
847	12	1	133	14	3	39	4
848	12	12	12	154	3	1	4
849	15	10	18	18	1	280	1
850	17	13	3	136	5	7	1
851	41	33	125	54	70	246	28
852	52	1	126	71	2	1	5
853	58	107	121	148	27	289	44
854	71	118	132	158	89	300	100
855	76	30	128	156	92	297	63
856	76	68	119	146	88	287	56
857	92	115	127	155	91	296	97
858	92	117	130	157	93	299	99
859	92	117	134	159	96	301	83
860	109	4	4	3	2	1	5
861	110	2	12	3	83	5	3
862	111	15	15	8	6	14	9
863	112	101	115	138	36	283	72
864	113	10	131	68	13	2	1
865	113	47	16	68	13	3	1
866	114	32	117	142	41	285	93
867	115	1	9	14	2	286	5
868	116	105	118	144	86	111	28
869	117	32	35	145	87	285	94
870	118	71	74	48	89	285	50
871	119	11	21	27	25	34	13
872	121	108	59	68	13	7	1
873	122	109	99	150	28	291	95
874	123	44	29	102	61	292	38
875	124	110	123	99	53	293	69
876	125	1	1	1	3	1	3
877	126	8	5	7	6	2	1
878	127	112	124	152	90	295	96
879	128	1	11	3	3	1	7
880	129	116	129	48	41	298	98
881	130	119	135	17	18	1	3
882	131	33	77	160	97	303	50
883	132	0	90	163	57	226	70
884	132	0	136	163	57	304	70
885	132	0	90	163	57	304	70
886	133	113	137	162	95	305	101
887	133	120	137	164	95	306	101
888	5	125	6	4	5	4	1
889	5	6	16	9	5	3	1
890	11	3	12	38	109	94	2
891	7	10	16	11	5	2	1
892	4	4	4	3	2	1	115
893	145	1	11	3	3	1	7
894	146	1	12	16	3	1	7
895	5	7	147	4	5	4	1
896	4	4	4	3	2	1	116
897	76	71	149	48	110	295	1
898	2	9	135	14	98	1	5
899	5	5	17	166	12	96	6
900	5	8	5	4	6	2	1
901	5	10	3	7	1	26	6
902	5	10	3	7	5	6	6
903	5	10	3	7	5	26	6
904	5	10	3	21	5	2	6
905	5	10	3	21	5	26	6
906	5	10	3	30	6	3	1
907	5	10	3	177	5	6	6
908	5	10	10	7	5	26	6
909	5	13	10	6	1	312	1
910	5	29	2	7	6	2	1
911	5	29	2	7	13	2	1
912	5	47	10	173	13	2	1
913	5	47	10	185	1	314	1
914	5	124	10	173	13	2	104
915	5	127	10	173	13	2	1
916	5	128	6	7	40	4	1
917	6	5	2	6	13	302	6
918	6	6	8	137	12	2	1
919	6	6	8	180	12	2	1
920	7	5	10	4	1	302	6
921	7	5	10	21	6	4	1
922	7	5	140	174	13	3	1
923	7	6	2	7	1	7	6
924	7	6	10	30	5	2	1
925	7	6	16	6	5	7	1
926	7	6	19	8	1	2	1
927	7	6	19	8	13	2	1
928	7	6	138	6	5	7	1
929	7	10	8	21	1	7	1
930	7	10	17	20	12	26	1
931	7	15	17	6	5	25	1
932	7	15	17	6	5	26	1
933	7	15	17	181	5	26	1
934	7	27	16	4	5	4	1
935	7	47	10	68	1	2	1
936	7	47	10	172	13	302	1
937	7	121	10	175	5	26	1
938	7	122	8	6	1	4	1
939	7	123	10	67	13	314	1
940	7	128	10	174	13	3	1
941	7	128	140	174	108	3	1
942	15	10	18	18	107	3	1
943	41	33	142	144	101	246	28
944	53	47	10	6	13	24	1
945	53	47	10	67	13	2	1
946	53	47	10	67	13	3	1
947	113	10	10	4	1	3	103
948	113	46	10	183	5	308	104
949	113	47	3	173	13	2	1
950	113	47	10	173	1	314	1
951	113	47	10	184	5	308	104
952	113	126	10	173	1	314	1
953	134	130	118	171	32	317	105
954	136	122	139	20	1	26	1
955	137	47	10	187	1	2	1
956	138	10	10	149	13	3	104
957	139	130	146	168	102	315	109
958	140	30	144	171	33	309	108
959	140	30	144	171	33	309	106
960	140	30	144	171	33	309	111
961	141	131	35	187	75	164	107
962	142	130	21	187	16	317	105
963	142	130	118	171	32	317	105
964	142	131	21	171	33	311	105
965	142	131	21	171	75	311	114
966	142	131	21	171	75	311	113
967	142	131	21	187	16	319	105
968	142	131	118	171	32	317	105
969	142	131	148	148	16	317	105
970	142	131	148	188	16	317	105
971	142	132	21	171	75	311	114
972	144	30	21	171	104	319	112
973	144	30	21	171	105	319	112
974	144	30	141	187	32	318	110
975	144	30	144	171	106	310	106
976	144	130	143	171	16	319	106
977	144	131	21	186	99	317	106
978	144	131	35	170	32	316	1
979	144	131	140	187	103	313	105
980	144	131	145	187	33	313	112
981	144	131	145	187	106	313	105
982	144	133	21	187	99	317	106
983	7	134	10	6	13	2	41
984	142	133	35	178	16	319	107
985	5	135	10	179	1	3	1
986	144	133	35	187	75	164	107
987	135	129	150	187	100	316	30
988	144	129	151	178	112	311	106
989	139	130	146	168	113	315	109
990	5	47	3	6	111	3	1
991	81	5	10	6	1	8	1
992	1	9	12	3	7	5	3
993	7	14	37	127	6	27	1
994	7	10	16	198	5	2	1
995	5	8	5	7	6	2	41
996	7	14	37	6	127	27	1
997	5	8	170	7	6	2	1
998	41	22	43	205	70	111	28
999	170	1	9	1	3	5	5
1000	172	9	135	3	3	1	4
1001	3	1	1	1	133	1	3
1002	131	141	171	204	134	339	27
1003	20	58	21	206	17	123	56
1004	7	106	8	147	1	340	6
1005	171	142	172	207	135	244	137
1006	6	15	3	116	1	2	85
1007	5	10	10	116	1	3	1
1008	173	140	173	208	136	341	138
1009	2	1	11	3	3	1	139
1010	65	21	40	33	45	170	53
1011	6	5	85	4	1	207	1
1012	175	6	8	209	6	37	140
1013	61	6	3	4	1	26	1
1014	23	5	19	210	13	24	6
1015	53	13	6	4	1	2	1
1016	5	97	8	20	5	8	1
1017	3	1	1	1	3	1	141
1018	177	144	2	29	5	3	1
1019	176	10	66	18	1	3	1
1020	7	10	16	7	5	344	1
1021	17	13	102	6	1	7	34
1022	5	6	2	29	5	345	1
1023	27	54	64	74	22	123	55
1024	5	143	8	7	5	3	1
1025	5	6	175	29	5	3	1
1026	52	1	1	17	2	1	5
1027	178	1	1	1	3	1	3
1028	1	145	11	11	2	1	5
1029	6	5	6	4	1	218	1
1030	6	146	6	4	1	4	1
1031	6	147	6	4	1	4	1
1032	2	1	11	211	3	1	7
1033	3	1	1	1	3	346	3
1034	3	148	1	1	3	1	3
1035	6	149	6	4	1	4	1
1036	179	6	19	6	1	24	1
1037	180	150	137	164	95	323	101
1038	7	15	15	8	6	14	142
1039	1	18	12	3	2	1	5
1040	2	1	11	3	3	9	7
1041	2	1	135	38	3	1	2
1042	2	12	12	3	3	1	2
1043	7	6	8	21	6	37	6
1044	7	6	10	72	6	37	1
1045	7	10	16	7	5	41	1
1046	11	3	12	38	2	1	2
1047	11	12	4	3	3	1	7
1048	12	9	135	3	3	1	2
1049	12	12	12	1	3	1	5
1050	22	11	21	24	70	123	55
1051	41	41	53	73	16	156	50
1052	53	143	10	67	13	3	41
1053	59	11	21	51	32	159	44
1054	61	10	8	29	1	7	1
1055	138	10	8	68	1	3	1
1056	138	47	16	6	1	2	1
1057	203	8	5	7	1	2	1
1058	38	31	42	47	28	108	1
1059	53	170	10	18	1	370	6
1060	7	47	10	222	13	3	1
1061	1	1	27	17	2	1	5
1062	5	27	3	6	13	2	6
1063	2	1	11	3	3	28	7
1064	30	6	10	241	6	37	1
1065	7	171	10	6	1	3	1
1066	7	49	8	242	5	2	103
1067	116	33	193	243	89	111	160
1068	5	10	3	6	150	26	1
1069	204	105	194	24	151	145	161
1070	189	159	99	225	32	371	150
1071	7	47	10	6	1	7	1
1072	7	156	59	221	140	123	1
1073	5	5	195	6	5	26	48
1074	11	1	4	43	69	1	2
1075	1	1	1	3	3	1	2
1076	205	172	8	8	1	26	103
1077	206	5	196	244	5	314	6
1078	113	173	10	4	1	372	103
1079	2	2	12	43	2	1	162
1080	7	5	17	6	1	151	85
1081	5	97	17	6	5	358	6
1082	93	15	17	212	1	6	1
1083	181	152	177	214	138	347	143
1084	182	153	178	215	128	348	126
1085	188	157	182	223	136	353	148
1086	190	23	183	97	45	192	152
1087	191	21	184	110	45	356	16
1088	192	160	185	226	142	357	143
1089	190	23	183	97	45	362	152
1090	163	164	189	232	64	363	156
1091	163	138	190	233	64	364	157
1092	201	169	85	237	149	369	159
1093	2	1	179	3	3	1	7
1094	2	1	11	3	144	1	7
1095	2	1	11	235	3	1	7
1096	2	1	11	239	3	1	7
1097	3	1	1	1	3	1	146
1098	3	1	12	230	2	1	5
1099	3	1	12	234	2	1	5
1100	3	167	9	3	3	1	5
1101	3	9	9	3	3	366	5
1102	34	12	11	16	3	1	151
1103	34	12	187	16	3	1	2
1104	52	1	176	3	2	1	5
1105	172	9	135	3	3	1	154
1106	187	1	11	3	3	1	7
1107	194	1	57	3	2	1	2
1108	5	6	8	217	6	7	34
1109	5	97	10	7	39	351	48
1110	5	166	10	6	1	7	1
1111	5	8	5	236	6	2	1
1112	5	6	8	62	148	7	34
1113	6	5	188	4	1	4	1
1114	6	5	6	4	1	365	1
1115	6	5	191	4	1	4	1
1116	6	5	6	4	1	368	1
1117	7	6	8	219	6	7	1
1118	7	10	17	18	5	352	1
1119	7	6	3	6	5	7	149
1120	7	10	16	7	145	2	1
1121	7	10	17	6	146	96	1
1122	7	10	16	238	5	2	1
1123	15	163	18	18	1	3	1
1124	53	47	8	240	13	3	41
1125	184	154	2	139	6	14	1
1126	186	6	17	6	1	2	1
1127	195	162	10	228	1	3	1
1128	197	15	15	8	6	14	142
1129	202	7	6	4	5	4	1
1130	20	33	180	218	139	164	46
1131	41	71	129	220	16	201	145
1132	41	161	43	144	16	111	28
1133	44	40	50	59	24	360	26
1134	56	165	61	72	41	155	43
1135	58	71	78	73	16	285	147
1136	58	158	99	224	141	354	150
1137	71	151	53	213	16	206	93
1138	183	32	68	216	41	349	50
1139	185	155	181	146	89	350	144
1140	189	159	99	225	32	355	150
1141	193	129	50	227	25	73	153
1142	196	68	186	229	143	359	155
1143	198	30	171	231	97	361	50
1144	199	168	192	126	89	73	94
1145	200	117	134	157	147	367	158
1146	1	2	197	245	2	5	3
1147	1	1	12	17	2	1	7
1148	1	174	7	2	4	1	5
1149	1	3	7	2	5	1	2
1150	1	2	9	1	5	5	3
1151	2	1	11	246	3	1	7
1152	3	1	12	1	3	1	3
1153	5	6	2	1	3	2	1
1154	5	175	3	5	1	8	6
1155	5	7	3	5	1	8	163
1156	5	7	3	5	1	373	6
1157	5	8	5	7	6	2	164
1158	7	52	8	6	3	2	1
1159	7	52	8	6	152	2	1
1160	7	5	10	21	1	323	1
1161	15	10	18	18	3	3	1
1162	17	13	8	6	5	3	1
1163	208	1	1	1	3	1	3
1164	6	176	6	4	1	4	1
1165	7	6	15	6	153	2	1
1166	12	1	4	14	3	374	4
1167	209	5	6	4	1	4	1
1168	1	1	11	11	154	1	5
1169	3	1	1	1	3	1	165
1170	1	3	7	2	155	1	2
1171	1	1	11	11	2	375	5
1172	6	5	6	247	1	4	1
1173	3	9	9	3	3	1	18
1174	41	71	198	148	110	377	100
1175	71	151	53	72	16	295	169
1176	9	10	15	6	156	265	1
1177	7	14	10	19	9	378	1
1178	187	1	11	3	3	90	7
1179	11	3	12	38	3	379	2
1180	92	117	199	113	157	380	170
1181	5	7	3	5	1	381	6
1182	185	178	200	249	158	382	171
1183	212	179	118	250	159	383	111
1184	116	33	201	251	160	111	105
1185	41	36	46	54	161	115	28
1186	1	3	48	90	3	30	4
1187	213	30	202	48	75	360	172
1188	40	40	42	52	32	113	25
1189	214	180	203	252	32	384	173
1190	215	181	204	54	70	111	28
1191	20	182	21	83	25	385	113
1192	40	30	42	52	32	386	25
1193	127	33	13	146	89	387	174
1194	116	33	204	253	34	388	28
1195	41	33	204	54	151	285	175
1196	41	33	205	144	70	246	28
1197	42	183	118	72	162	389	176
1198	216	184	206	254	163	285	177
1199	116	33	201	255	33	111	105
1200	185	32	207	256	86	111	178
1201	83	19	91	257	58	178	72
1202	217	185	32	258	89	390	179
1203	44	71	198	48	164	391	180
1204	7	6	10	6	1	271	1
1205	9	10	15	6	8	392	1
1206	34	1	57	3	3	1	2
1207	3	9	9	3	3	105	5
1208	131	186	21	72	34	285	50
1209	58	71	46	259	16	285	147
1210	7	6	8	7	6	7	1
1211	5	8	17	5	6	2	1
1212	7	187	10	6	1	2	1
1213	218	30	53	260	27	390	26
1214	219	30	198	158	27	393	27
1215	1	9	1	3	7	1	5
1216	7	10	10	6	1	2	1
1217	8	6	8	8	6	37	1
1218	1	1	11	14	2	1	5
1219	1	1	11	7	6	1	5
1220	12	1	4	11	3	39	4
1221	12	1	4	4	3	39	4
1222	12	1	11	14	3	39	4
1223	12	8	4	14	3	39	4
1224	12	1	11	11	3	39	4
1225	12	1	4	14	2	39	4
1226	12	1	4	11	2	39	4
1227	5	8	5	8	6	2	1
1228	7	6	8	14	3	37	1
1229	220	188	208	262	165	394	181
1230	221	189	157	263	166	395	182
1231	222	190	209	263	167	396	182
1232	7	13	19	6	1	125	1
1233	7	10	16	7	5	398	1
1234	2	1	11	3	3	104	7
1235	7	7	3	10	5	399	1
1236	4	4	4	3	2	43	5
1237	3	18	27	3	4	106	184
1238	7	7	3	10	5	253	1
1239	1	1	1	1	3	1	3
1240	3	9	1	3	7	5	3
